0 0.36484375 0.321875 0.0234375 0.03125
0 0.39375 0.3302083333333333 0.01875 0.027083333333333334
0 0.29375 0.3375 0.059375 0.09583333333333334
0 0.35234375 0.34479166666666666 0.0296875 0.03958333333333333
0 0.38828125 0.3541666666666667 0.0265625 0.0375
0 0.3125 0.3697916666666667 0.05625 0.09375
0 0.37265625 0.390625 0.0390625 0.04791666666666667
0 0.4921875 0.396875 0.034375 0.04791666666666667
0 0.36015625 0.44375 0.0453125 0.058333333333333334
0 0.2671875 0.46145833333333336 0.053125 0.06458333333333334
0 0.7046875 0.4791666666666667 0.065625 0.1125
0 0.14609375 0.4791666666666667 0.0859375 0.1125
0 0.64375 0.4875 0.128125 0.23333333333333334
0 0.553125 0.540625 0.125 0.23541666666666666
0 0.79765625 0.5541666666666667 0.0984375 0.15416666666666667
0 0.05390625 0.5583333333333333 0.1078125 0.19166666666666668
0 0.3234375 0.559375 0.075 0.09791666666666667
0 0.16953125 0.609375 0.0828125 0.11041666666666666
0 0.27734375 0.7197916666666667 0.1078125 0.13541666666666666
0 0.6515625 0.83125 0.146875 0.23333333333333334