0 0.228125 0.371875 0.065625 0.07708333333333334
0 0.29453125 0.375 0.0734375 0.10833333333333334
0 0.48984375 0.40625 0.0359375 0.05
0 0.57578125 0.43020833333333336 0.0421875 0.05625
0 0.22421875 0.45625 0.1203125 0.17083333333333334
0 0.6125 0.47604166666666664 0.05625 0.07291666666666667
0 0.1234375 0.490625 0.0875 0.09791666666666667
0 0.340625 0.5125 0.059375 0.07916666666666666
0 0.5296875 0.5375 0.0625 0.09583333333333334
0 0.815625 0.5927083333333333 0.125 0.16875
0 0.68671875 0.6385416666666667 0.0921875 0.10625
0 0.58984375 0.696875 0.1015625 0.15625
0 0.85390625 0.8208333333333333 0.2171875 0.2875