0 0.32578125 0.384375 0.0515625 0.07291666666666667
0 0.6640625 0.409375 0.075 0.08958333333333333
0 0.175 0.43020833333333336 0.0625 0.10625
0 0.59140625 0.44166666666666665 0.0390625 0.05416666666666667
0 0.5078125 0.44895833333333335 0.04375 0.03958333333333333
0 0.28203125 0.465625 0.0609375 0.08125
0 0.52109375 0.48854166666666665 0.0640625 0.06875
0 0.6203125 0.503125 0.096875 0.13125
0 0.71953125 0.5197916666666667 0.0671875 0.13125
0 0.53125 0.5302083333333333 0.059375 0.09791666666666667
0 0.6921875 0.5802083333333333 0.109375 0.20208333333333334
0 0.90546875 0.5895833333333333 0.1890625 0.29583333333333334
0 0.53984375 0.6427083333333333 0.0828125 0.16041666666666668
0 0.546875 0.6510416666666666 0.090625 0.14375
0 0.86640625 0.7979166666666667 0.1546875 0.22916666666666666
0 0.6 0.81875 0.1125 0.22083333333333333
0 0.19140625 0.9010416666666666 0.1609375 0.18125