0 0.25546875 0.36770833333333336 0.0609375 0.08125
0 0.32890625 0.371875 0.0265625 0.03958333333333333
0 0.5640625 0.39791666666666664 0.053125 0.09166666666666666
0 0.49296875 0.40208333333333335 0.0421875 0.041666666666666664
0 0.6421875 0.41354166666666664 0.04375 0.04791666666666667
0 0.4890625 0.42604166666666665 0.034375 0.04791666666666667
0 0.684375 0.44375 0.053125 0.058333333333333334
0 0.34765625 0.4479166666666667 0.0484375 0.05416666666666667
0 0.590625 0.45416666666666666 0.046875 0.058333333333333334
0 0.50625 0.4583333333333333 0.046875 0.0625
0 0.51875 0.5052083333333334 0.053125 0.07291666666666667
0 0.815625 0.55 0.19375 0.20833333333333334
0 0.53984375 0.6145833333333334 0.0890625 0.12083333333333333
0 0.72890625 0.6760416666666667 0.1140625 0.14791666666666667
0 0.9421875 0.7375 0.115625 0.16666666666666666
0 0.6109375 0.7947916666666667 0.115625 0.17291666666666666