0 0.21015625 0.38645833333333335 0.0921875 0.08958333333333333
0 0.55546875 0.390625 0.0390625 0.04791666666666667
0 0.3078125 0.40208333333333335 0.0375 0.05416666666666667
0 0.49453125 0.41354166666666664 0.0421875 0.05625
0 0.65859375 0.43854166666666666 0.0640625 0.08958333333333333
0 0.57421875 0.44895833333333335 0.0453125 0.05625
0 0.51953125 0.47604166666666664 0.0484375 0.06875
0 0.6203125 0.4979166666666667 0.078125 0.1125
0 0.34921875 0.5 0.0578125 0.07083333333333333
0 0.18046875 0.503125 0.1640625 0.22291666666666668
0 0.0546875 0.55 0.109375 0.20416666666666666
0 0.5484375 0.6239583333333333 0.0875 0.13958333333333334
0 0.8796875 0.8645833333333334 0.171875 0.22916666666666666