0 0.55234375 0.3875 0.0421875 0.041666666666666664
0 0.48984375 0.41041666666666665 0.0484375 0.0375
0 0.571875 0.4166666666666667 0.04375 0.0625
0 0.6375 0.4166666666666667 0.053125 0.06666666666666667
0 0.3609375 0.4375 0.059375 0.075
0 0.7109375 0.44583333333333336 0.090625 0.125
0 0.50390625 0.46770833333333334 0.0515625 0.07708333333333334
0 0.58046875 0.46770833333333334 0.0421875 0.08541666666666667
0 0.765625 0.49270833333333336 0.03125 0.07291666666666667
0 0.615625 0.5104166666666666 0.05 0.1625
0 0.50703125 0.528125 0.0515625 0.08958333333333333
0 0.2140625 0.5333333333333333 0.1 0.14583333333333334
0 0.0625 0.546875 0.125 0.19791666666666666
0 0.903125 0.559375 0.19375 0.22291666666666668
0 0.6796875 0.5625 0.1125 0.17916666666666667
0 0.3234375 0.5729166666666666 0.065625 0.14166666666666666
0 0.5359375 0.5895833333333333 0.084375 0.10833333333333334
0 0.73203125 0.61875 0.0546875 0.1375
0 0.55703125 0.6885416666666667 0.0984375 0.16458333333333333
0 0.8640625 0.728125 0.19375 0.3645833333333333
0 0.0609375 0.7635416666666667 0.121875 0.17291666666666666
0 0.728125 0.8385416666666666 0.178125 0.24375
0 0.58828125 0.9208333333333333 0.1265625 0.15833333333333333