0 0.56953125 0.41354166666666664 0.0390625 0.04791666666666667
0 0.5921875 0.44583333333333336 0.04375 0.07083333333333333
0 0.28046875 0.45208333333333334 0.0546875 0.10833333333333334
0 0.134375 0.47604166666666664 0.103125 0.13541666666666666
0 0.51796875 0.48854166666666665 0.0484375 0.07291666666666667
0 0.53046875 0.5229166666666667 0.0546875 0.075
0 0.86484375 0.54375 0.2234375 0.25
0 0.68203125 0.565625 0.1390625 0.21458333333333332
0 0.55625 0.5677083333333334 0.075 0.11458333333333333
0 0.54140625 0.6322916666666667 0.1046875 0.17708333333333334
0 0.12578125 0.703125 0.1390625 0.19791666666666666
0 0.8171875 0.715625 0.109375 0.22291666666666668
0 0.5859375 0.7791666666666667 0.165625 0.21666666666666667
0 0.63125 0.9041666666666667 0.18125 0.18333333333333332