0 0.371875 0.37604166666666666 0.03125 0.04375
0 0.55 0.38125 0.046875 0.08333333333333333
0 0.48515625 0.39166666666666666 0.0359375 0.05
0 0.6640625 0.4114583333333333 0.084375 0.12708333333333333
0 0.71484375 0.425 0.0328125 0.058333333333333334
0 0.509375 0.4427083333333333 0.04375 0.06458333333333334
0 0.61484375 0.44583333333333336 0.0953125 0.15
0 0.77421875 0.478125 0.0671875 0.06458333333333334
0 0.8453125 0.559375 0.19375 0.18958333333333333
0 0.54609375 0.5635416666666667 0.0734375 0.09375
0 0.7078125 0.6125 0.103125 0.18333333333333332
0 0.2875 0.6291666666666667 0.0875 0.1375
0 0.5921875 0.753125 0.10625 0.15625