0 0.32265625 0.3145833333333333 0.0328125 0.04583333333333333
0 0.38984375 0.340625 0.0265625 0.035416666666666666
0 0.5984375 0.3458333333333333 0.059375 0.10416666666666667
0 0.28046875 0.353125 0.0390625 0.05625
0 0.54609375 0.35833333333333334 0.0640625 0.10833333333333334
0 0.32578125 0.3614583333333333 0.0359375 0.06041666666666667
0 0.48671875 0.37395833333333334 0.0578125 0.09791666666666667
0 0.37265625 0.3802083333333333 0.0359375 0.04791666666666667
0 0.665625 0.38958333333333334 0.034375 0.041666666666666664
0 0.5234375 0.521875 0.06875 0.09375
0 0.32578125 0.565625 0.0734375 0.07708333333333334
0 0.709375 0.5770833333333333 0.2 0.3
0 0.1765625 0.5864583333333333 0.125 0.14375
0 0.8640625 0.590625 0.225 0.27708333333333335
0 0.05625 0.6020833333333333 0.10625 0.23333333333333334
0 0.0546875 0.865625 0.109375 0.26875