0 0.63203125 0.384375 0.0796875 0.11875
0 0.4859375 0.4041666666666667 0.0375 0.04583333333333333
0 0.57265625 0.41770833333333335 0.0546875 0.09375
0 0.21328125 0.4322916666666667 0.0640625 0.08125
0 0.50625 0.44166666666666665 0.046875 0.06666666666666667
0 0.2609375 0.4708333333333333 0.0625 0.075
0 0.7296875 0.4979166666666667 0.078125 0.12083333333333333
0 0.62734375 0.50625 0.0609375 0.0875
0 0.26484375 0.546875 0.0734375 0.08125
0 0.54453125 0.5947916666666667 0.0796875 0.11458333333333333
0 0.8296875 0.625 0.10625 0.15
0 0.2890625 0.6375 0.0875 0.1125
0 0.7078125 0.6697916666666667 0.109375 0.13958333333333334