0 0.37421875 0.3958333333333333 0.0359375 0.05
0 0.4890625 0.40729166666666666 0.0375 0.04375
0 0.72109375 0.46041666666666664 0.1296875 0.175
0 0.5 0.471875 0.05625 0.07291666666666667
0 0.271875 0.475 0.05625 0.07083333333333333
0 0.796875 0.49375 0.046875 0.06666666666666667
0 0.328125 0.5041666666666667 0.05625 0.075
0 0.64921875 0.5458333333333333 0.0953125 0.1625
0 0.54453125 0.5510416666666667 0.0640625 0.09375
0 0.9453125 0.7197916666666667 0.109375 0.22708333333333333
0 0.80234375 0.775 0.1359375 0.19166666666666668