0 0.37890625 0.36354166666666665 0.0328125 0.03958333333333333
0 0.61640625 0.378125 0.0390625 0.03958333333333333
0 0.328125 0.384375 0.040625 0.04375
0 0.5546875 0.38645833333333335 0.046875 0.07291666666666667
0 0.49453125 0.39791666666666664 0.0359375 0.03333333333333333
0 0.36171875 0.4114583333333333 0.0390625 0.05625
0 0.48984375 0.4166666666666667 0.0328125 0.041666666666666664
0 0.63984375 0.4166666666666667 0.0609375 0.05
0 0.29296875 0.4197916666666667 0.0453125 0.04791666666666667
0 0.57265625 0.421875 0.0390625 0.04791666666666667
0 0.4984375 0.42916666666666664 0.0375 0.03333333333333333
0 0.17265625 0.4375 0.0953125 0.12916666666666668
0 0.50703125 0.4666666666666667 0.0453125 0.07083333333333333
0 0.24921875 0.48541666666666666 0.0546875 0.0625
0 0.76015625 0.49583333333333335 0.1421875 0.16666666666666666
0 0.52734375 0.5541666666666667 0.0671875 0.09583333333333334
0 0.66328125 0.5677083333333334 0.0859375 0.11458333333333333
0 0.859375 0.6322916666666667 0.10625 0.13541666666666666
0 0.575 0.6635416666666667 0.096875 0.11875
0 0.95859375 0.7927083333333333 0.0828125 0.16458333333333333
0 0.85234375 0.846875 0.1609375 0.21458333333333332
0 0.69140625 0.903125 0.1546875 0.19375
0 0.18828125 0.915625 0.1609375 0.16875