0 0.34296875 0.3645833333333333 0.0390625 0.05416666666666667
0 0.23125 0.38645833333333335 0.071875 0.08125
0 0.66640625 0.4114583333333333 0.1015625 0.11875
0 0.35546875 0.45416666666666666 0.0515625 0.07916666666666666
0 0.603125 0.45416666666666666 0.065625 0.0875
0 0.51171875 0.4625 0.0640625 0.0625
0 0.51953125 0.4875 0.0484375 0.06666666666666667
0 0.63515625 0.5083333333333333 0.0859375 0.125
0 0.275 0.5291666666666667 0.065625 0.08333333333333333
0 0.53046875 0.5302083333333333 0.0609375 0.07291666666666667
0 0.8890625 0.6 0.221875 0.38333333333333336
0 0.58671875 0.6052083333333333 0.0828125 0.11875
0 0.71328125 0.6052083333333333 0.1453125 0.22291666666666668
0 0.55 0.65625 0.084375 0.16666666666666666
0 0.61953125 0.9 0.1453125 0.2