0 0.30546875 0.31979166666666664 0.0328125 0.052083333333333336
0 0.3578125 0.31875 0.053125 0.08333333333333333
0 0.371875 0.33541666666666664 0.00625 0.004166666666666667
0 0.325 0.38229166666666664 0.04375 0.04375
0 0.56171875 0.428125 0.0484375 0.06875
0 0.49609375 0.45 0.0640625 0.0625
0 0.59765625 0.4552083333333333 0.0640625 0.10625
0 0.634375 0.49375 0.0875 0.15
0 0.8203125 0.5 0.209375 0.2
0 0.49609375 0.50625 0.0484375 0.07916666666666666
0 0.53125 0.5645833333333333 0.090625 0.10833333333333334
0 0.14140625 0.59375 0.2015625 0.2833333333333333
0 0.7421875 0.6177083333333333 0.090625 0.13125
0 0.54296875 0.6375 0.0765625 0.14166666666666666
0 0.65703125 0.6708333333333333 0.1140625 0.16666666666666666
0 0.825 0.7041666666666667 0.190625 0.36666666666666664
0 0.90859375 0.8239583333333333 0.1828125 0.35208333333333336
0 0.21015625 0.8666666666666667 0.1484375 0.19583333333333333
0 0.59921875 0.8791666666666667 0.1390625 0.24166666666666667