0 0.55234375 0.37083333333333335 0.0640625 0.1
0 0.496875 0.4197916666666667 0.040625 0.04375
0 0.67265625 0.42291666666666666 0.0890625 0.12916666666666668
0 0.5765625 0.440625 0.05 0.10208333333333333
0 0.72890625 0.440625 0.0296875 0.06875
0 0.50859375 0.46145833333333336 0.0453125 0.06041666666666667
0 0.17109375 0.478125 0.0578125 0.06041666666666667
0 0.63046875 0.48125 0.0921875 0.15416666666666667
0 0.34140625 0.490625 0.0578125 0.06458333333333334
0 0.80703125 0.5125 0.0734375 0.08333333333333333
0 0.534375 0.540625 0.065625 0.09375
0 0.71796875 0.6114583333333333 0.1265625 0.22708333333333333
0 0.89609375 0.740625 0.2078125 0.30625
0 0.671875 0.8979166666666667 0.146875 0.20416666666666666