0 0.36328125 0.2916666666666667 0.0453125 0.06666666666666667
0 0.33203125 0.3489583333333333 0.0546875 0.07708333333333334
0 0.38359375 0.359375 0.0546875 0.08541666666666667
0 0.6875 0.39895833333333336 0.10625 0.11041666666666666
0 0.52734375 0.4010416666666667 0.0515625 0.07291666666666667
0 0.590625 0.4125 0.06875 0.10416666666666667
0 0.775 0.4635416666666667 0.075 0.09375
0 0.33671875 0.475 0.0640625 0.08333333333333333
0 0.63046875 0.49166666666666664 0.0484375 0.10833333333333334
0 0.5140625 0.5135416666666667 0.071875 0.09375
0 0.69609375 0.51875 0.1265625 0.19583333333333333
0 0.90078125 0.5645833333333333 0.1078125 0.1
0 0.5484375 0.5916666666666667 0.09375 0.10833333333333334
0 0.28125 0.6385416666666667 0.125 0.16041666666666668
0 0.57890625 0.7 0.1109375 0.17083333333333334
0 0.8140625 0.7052083333333333 0.3 0.4479166666666667
0 0.03046875 0.8458333333333333 0.0546875 0.30833333333333335
0 0.628125 0.9083333333333333 0.16875 0.18333333333333332