0 0.35546875 0.31145833333333334 0.0453125 0.06875
0 0.39921875 0.3125 0.0234375 0.041666666666666664
0 0.52421875 0.34375 0.0296875 0.0375
0 0.31328125 0.37395833333333334 0.0609375 0.08541666666666667
0 0.5234375 0.3927083333333333 0.05 0.06458333333333334
0 0.365625 0.39895833333333336 0.053125 0.08125
0 0.58828125 0.40625 0.0546875 0.09583333333333334
0 0.4765625 0.425 0.034375 0.05
0 0.503125 0.46041666666666664 0.05625 0.06666666666666667
0 0.63046875 0.49375 0.0546875 0.1125
0 0.51328125 0.5083333333333333 0.0609375 0.10416666666666667
0 0.8296875 0.525 0.0625 0.08333333333333333
0 0.6859375 0.528125 0.1125 0.21875
0 0.55234375 0.5822916666666667 0.1078125 0.12708333333333333
0 0.2953125 0.5885416666666666 0.078125 0.10208333333333333
0 0.5703125 0.671875 0.109375 0.17291666666666666
0 0.803125 0.6864583333333333 0.28125 0.42291666666666666
0 0.628125 0.8822916666666667 0.15 0.23541666666666666