0 0.54765625 0.4083333333333333 0.0265625 0.058333333333333334
0 0.49296875 0.4270833333333333 0.0484375 0.075
0 0.6078125 0.4395833333333333 0.10625 0.2
0 0.34296875 0.4427083333333333 0.0484375 0.08125
0 0.67578125 0.45625 0.0484375 0.07916666666666666
0 0.1484375 0.465625 0.078125 0.13125
0 0.76875 0.50625 0.15 0.22083333333333333
0 0.525 0.5354166666666667 0.0625 0.09166666666666666
0 0.21953125 0.54375 0.0828125 0.10416666666666667
0 0.92734375 0.7104166666666667 0.1453125 0.2875
0 0.58359375 0.715625 0.1078125 0.17708333333333334