0 0.3421875 0.34791666666666665 0.05 0.08333333333333333
0 0.621875 0.40520833333333334 0.040625 0.06458333333333334
0 0.5875 0.43854166666666666 0.059375 0.09791666666666667
0 0.503125 0.4427083333333333 0.04375 0.06041666666666667
0 0.6671875 0.459375 0.046875 0.05625
0 0.33359375 0.48333333333333334 0.0453125 0.07083333333333333
0 0.73828125 0.49583333333333335 0.0921875 0.15
0 0.52890625 0.5041666666666667 0.0609375 0.08333333333333333
0 0.66484375 0.571875 0.0796875 0.10625
0 0.9 0.6375 0.2 0.35833333333333334
0 0.78203125 0.7322916666666667 0.1640625 0.26875
0 0.61171875 0.8072916666666666 0.1140625 0.18541666666666667