0 0.30703125 0.31979166666666664 0.0453125 0.04375
0 0.35390625 0.32083333333333336 0.0421875 0.0625
0 0.26953125 0.3385416666666667 0.0578125 0.05625
0 0.3890625 0.34270833333333334 0.03125 0.04375
0 0.5296875 0.346875 0.046875 0.07291666666666667
0 0.47421875 0.34791666666666665 0.0328125 0.04583333333333333
0 0.5859375 0.3697916666666667 0.05 0.07708333333333334
0 0.371875 0.378125 0.040625 0.04791666666666667
0 0.309375 0.38125 0.071875 0.1
0 0.225 0.39895833333333336 0.053125 0.08125
0 0.35 0.44895833333333335 0.05625 0.06875
0 0.63125 0.50625 0.0625 0.07916666666666666
0 0.54921875 0.515625 0.0609375 0.09375
0 0.1546875 0.60625 0.096875 0.12916666666666668
0 0.28828125 0.6666666666666666 0.0828125 0.1