0 0.34453125 0.34791666666666665 0.0421875 0.05416666666666667
0 0.27421875 0.3489583333333333 0.0671875 0.08958333333333333
0 0.38515625 0.3614583333333333 0.0328125 0.035416666666666666
0 0.3796875 0.38958333333333334 0.040625 0.05416666666666667
0 0.2953125 0.4197916666666667 0.075 0.12708333333333333
0 0.4921875 0.45208333333333334 0.05 0.07083333333333333
0 0.70234375 0.47291666666666665 0.0484375 0.09166666666666666
0 0.52109375 0.475 0.0546875 0.05
0 0.62578125 0.47708333333333336 0.1421875 0.20833333333333334
0 0.2140625 0.5114583333333333 0.109375 0.13125
0 0.815625 0.5166666666666667 0.16875 0.20416666666666666
0 0.528125 0.534375 0.0625 0.10208333333333333
0 0.5453125 0.6166666666666667 0.078125 0.13333333333333333
0 0.946875 0.6541666666666667 0.10625 0.15
0 0.77734375 0.6895833333333333 0.2515625 0.35
0 0.2578125 0.7625 0.153125 0.19166666666666668
0 0.6046875 0.7697916666666667 0.140625 0.17708333333333334
0 0.90078125 0.8239583333333333 0.1984375 0.35208333333333336