0 0.54375 0.35833333333333334 0.0375 0.07083333333333333
0 0.4859375 0.38958333333333334 0.034375 0.041666666666666664
0 0.303125 0.39375 0.05 0.0875
0 0.3671875 0.421875 0.04375 0.04375
0 0.6828125 0.4239583333333333 0.078125 0.14375
0 0.49296875 0.425 0.0390625 0.058333333333333334
0 0.1625 0.42916666666666664 0.13125 0.17916666666666667
0 0.61328125 0.45 0.1203125 0.17916666666666667
0 0.26171875 0.48125 0.0578125 0.058333333333333334
0 0.51640625 0.4875 0.0578125 0.08333333333333333
0 0.3359375 0.496875 0.053125 0.06875
0 0.1453125 0.5770833333333333 0.090625 0.10416666666666667
0 0.59921875 0.7885416666666667 0.1234375 0.18958333333333333
0 0.20625 0.8822916666666667 0.178125 0.23541666666666666
0 0.0359375 0.9104166666666667 0.071875 0.1625