0 0.3765625 0.35104166666666664 0.03125 0.035416666666666666
0 0.4796875 0.3614583333333333 0.03125 0.04375
0 0.31953125 0.38645833333333335 0.0390625 0.052083333333333336
0 0.365625 0.38958333333333334 0.0375 0.04583333333333333
0 0.50078125 0.39895833333333336 0.0359375 0.052083333333333336
0 0.52421875 0.44583333333333336 0.0515625 0.0625
0 0.18125 0.55625 0.159375 0.25
0 0.68046875 0.56875 0.0796875 0.1125
0 0.05 0.5822916666666667 0.1 0.21041666666666667
0 0.90703125 0.88125 0.1859375 0.2375
0 0.70546875 0.91875 0.1546875 0.1625