0 0.61796875 0.4010416666666667 0.0421875 0.04791666666666667
0 0.54609375 0.40520833333333334 0.0390625 0.05625
0 0.48203125 0.40729166666666666 0.0390625 0.052083333333333336
0 0.68359375 0.425 0.0765625 0.07916666666666666
0 0.51640625 0.471875 0.0515625 0.06458333333333334
0 0.6109375 0.47604166666666664 0.071875 0.13125
0 0.68828125 0.55 0.1140625 0.20416666666666666
0 0.825 0.5520833333333334 0.19375 0.2375
0 0.11796875 0.6114583333333333 0.2015625 0.3145833333333333
0 0.58671875 0.6854166666666667 0.0921875 0.13333333333333333
0 0.884375 0.8114583333333333 0.23125 0.3770833333333333