0 0.328125 0.34791666666666665 0.05 0.075
0 0.4796875 0.36354166666666665 0.05625 0.11458333333333333
0 0.38125 0.3770833333333333 0.034375 0.04583333333333333
0 0.26875 0.3875 0.05625 0.07083333333333333
0 0.584375 0.4166666666666667 0.090625 0.15
0 0.3578125 0.43125 0.05 0.05416666666666667
0 0.69296875 0.4479166666666667 0.1078125 0.15416666666666667
0 0.2234375 0.5052083333333334 0.075 0.08125
0 0.53046875 0.5354166666666667 0.0640625 0.10416666666666667
0 0.8484375 0.55625 0.153125 0.16666666666666666
0 0.159375 0.5854166666666667 0.1 0.14583333333333334
0 0.696875 0.596875 0.0875 0.13541666666666666
0 0.31328125 0.6125 0.0859375 0.10833333333333334
0 0.86796875 0.778125 0.2640625 0.44375
0 0.696875 0.878125 0.159375 0.23958333333333334