0 0.60859375 0.39479166666666665 0.0390625 0.04791666666666667
0 0.5671875 0.41354166666666664 0.040625 0.05625
0 0.6625 0.41875 0.06875 0.09166666666666666
0 0.5 0.4354166666666667 0.04375 0.07083333333333333
0 0.5890625 0.44583333333333336 0.04375 0.0625
0 0.34765625 0.4708333333333333 0.0515625 0.07083333333333333
0 0.25078125 0.48125 0.0578125 0.06666666666666667
0 0.62890625 0.5 0.0828125 0.12916666666666668
0 0.7171875 0.503125 0.078125 0.09375
0 0.165625 0.5166666666666667 0.065625 0.075
0 0.540625 0.5510416666666667 0.075 0.10208333333333333
0 0.765625 0.6947916666666667 0.14375 0.19791666666666666