0 0.55078125 0.3885416666666667 0.0453125 0.08958333333333333
0 0.63828125 0.39166666666666666 0.0796875 0.08333333333333333
0 0.3015625 0.3927083333333333 0.0625 0.08541666666666667
0 0.49453125 0.39895833333333336 0.0359375 0.03958333333333333
0 0.56875 0.42291666666666666 0.028125 0.05
0 0.49921875 0.4375 0.0390625 0.04583333333333333
0 0.5953125 0.453125 0.040625 0.06875
0 0.5046875 0.4635416666666667 0.0375 0.05625
0 0.5203125 0.48854166666666665 0.05625 0.05625
0 0.52109375 0.496875 0.0546875 0.08958333333333333
0 0.809375 0.5020833333333333 0.2125 0.2625
0 0.62109375 0.5104166666666666 0.0703125 0.14166666666666666
0 0.53125 0.528125 0.05 0.06458333333333334
0 0.6671875 0.553125 0.10625 0.19791666666666666
0 0.55859375 0.58125 0.0640625 0.11666666666666667
0 0.53359375 0.6291666666666667 0.0765625 0.15416666666666667
0 0.7546875 0.6572916666666667 0.071875 0.15625
0 0.5828125 0.74375 0.10625 0.17083333333333334
0 0.88046875 0.7708333333333334 0.2265625 0.425
0 0.05859375 0.8104166666666667 0.1171875 0.1625
0 0.62265625 0.8916666666666667 0.1390625 0.21666666666666667