0 0.378125 0.38125 0.034375 0.041666666666666664
0 0.3171875 0.38333333333333336 0.0375 0.04583333333333333
0 0.26640625 0.390625 0.0390625 0.04791666666666667
0 0.50078125 0.43333333333333335 0.0390625 0.05
0 0.653125 0.440625 0.05 0.05625
0 0.59609375 0.46145833333333336 0.0546875 0.07291666666666667
0 0.73828125 0.496875 0.0890625 0.13958333333333334
0 0.52265625 0.5020833333333333 0.0578125 0.09166666666666666
0 0.6328125 0.5125 0.0625 0.09166666666666666
0 0.69921875 0.59375 0.1203125 0.19166666666666668
0 0.2953125 0.615625 0.084375 0.11875
0 0.84921875 0.6260416666666667 0.1265625 0.14375
0 0.6015625 0.728125 0.109375 0.17708333333333334