0 0.3390625 0.37395833333333334 0.0375 0.03958333333333333
0 0.5609375 0.39791666666666664 0.05625 0.1
0 0.49765625 0.41354166666666664 0.0421875 0.05625
0 0.59453125 0.43020833333333336 0.0671875 0.13125
0 0.69296875 0.45 0.1171875 0.15416666666666667
0 0.52265625 0.49895833333333334 0.0546875 0.07291666666666667
0 0.78125 0.49895833333333334 0.05625 0.07291666666666667
0 0.6671875 0.528125 0.1125 0.20208333333333334
0 0.8921875 0.646875 0.215625 0.34791666666666665
0 0.575 0.6739583333333333 0.096875 0.14791666666666667
0 0.834375 0.79375 0.153125 0.19583333333333333