0 0.39140625 0.340625 0.0328125 0.04375
0 0.31875 0.34791666666666665 0.046875 0.0625
0 0.38125 0.3854166666666667 0.04375 0.05416666666666667
0 0.246875 0.3885416666666667 0.1 0.10208333333333333
0 0.3140625 0.39375 0.04375 0.05
0 0.5875 0.43854166666666666 0.053125 0.07291666666666667
0 0.684375 0.45208333333333334 0.06875 0.0875
0 0.51328125 0.4895833333333333 0.0734375 0.09166666666666666
0 0.7703125 0.49583333333333335 0.128125 0.1375
0 0.22265625 0.49895833333333334 0.1765625 0.17291666666666666
0 0.84140625 0.5041666666666667 0.0515625 0.1
0 0.3453125 0.5072916666666667 0.071875 0.10625
0 0.61875 0.509375 0.0625 0.13125
0 0.66953125 0.55625 0.1109375 0.20416666666666666
0 0.5265625 0.5739583333333333 0.08125 0.11458333333333333
0 0.93984375 0.58125 0.1203125 0.18333333333333332
0 0.55859375 0.6197916666666666 0.0828125 0.10625
0 0.75390625 0.6229166666666667 0.0828125 0.1375
0 0.5609375 0.7125 0.090625 0.16666666666666666
0 0.87265625 0.7708333333333334 0.2546875 0.4583333333333333
0 0.7265625 0.8708333333333333 0.165625 0.24166666666666667
0 0.62265625 0.9625 0.1296875 0.075