0 0.484375 0.3729166666666667 0.03125 0.041666666666666664
0 0.315625 0.390625 0.0375 0.04375
0 0.5609375 0.40625 0.040625 0.05416666666666667
0 0.3625 0.4125 0.040625 0.05
0 0.51953125 0.4479166666666667 0.0453125 0.07083333333333333
0 0.27421875 0.45625 0.0515625 0.0625
0 0.73046875 0.49166666666666664 0.0640625 0.11666666666666667
0 0.6578125 0.5052083333333334 0.090625 0.15625
0 0.58125 0.628125 0.075 0.11458333333333333
0 0.20234375 0.8291666666666667 0.1421875 0.175
0 0.63046875 0.8833333333333333 0.1515625 0.23333333333333334