0 0.38125 0.340625 0.0375 0.052083333333333336
0 0.6171875 0.3572916666666667 0.084375 0.13125
0 0.48125 0.3802083333333333 0.04375 0.05625
0 0.553125 0.3854166666666667 0.0625 0.09583333333333334
0 0.36875 0.40208333333333335 0.05 0.07083333333333333
0 0.65703125 0.4125 0.0921875 0.1125
0 0.4890625 0.415625 0.05 0.052083333333333336
0 0.57109375 0.425 0.0546875 0.07083333333333333
0 0.1984375 0.43020833333333336 0.084375 0.12291666666666666
0 0.59765625 0.4427083333333333 0.0640625 0.08125
0 0.496875 0.45 0.05625 0.075
0 0.346875 0.46979166666666666 0.0625 0.08958333333333333
0 0.7671875 0.48854166666666665 0.128125 0.16041666666666668
0 0.51328125 0.490625 0.0703125 0.09791666666666667
0 0.7625 0.49166666666666664 0.125 0.15833333333333333
0 0.621875 0.5052083333333334 0.078125 0.15625
0 0.528125 0.5302083333333333 0.071875 0.09375
0 0.19609375 0.5479166666666667 0.1828125 0.2625
0 0.6734375 0.55 0.128125 0.20833333333333334
0 0.56015625 0.578125 0.0890625 0.11875
0 0.8859375 0.5916666666666667 0.1875 0.225
0 0.53515625 0.6260416666666667 0.0953125 0.17708333333333334
0 0.7484375 0.6364583333333333 0.096875 0.17291666666666666
0 0.85234375 0.7072916666666667 0.2515625 0.38958333333333334
0 0.57890625 0.728125 0.1140625 0.18125
0 0.91328125 0.83125 0.1734375 0.3375
0 0.6125 0.8635416666666667 0.184375 0.23541666666666666
0 0.23671875 0.9041666666666667 0.1546875 0.19166666666666668
0 0.6359375 0.94375 0.178125 0.1125