0 0.62421875 0.3802083333333333 0.0734375 0.11458333333333333
0 0.56640625 0.409375 0.0515625 0.09791666666666667
0 0.503125 0.4354166666666667 0.046875 0.06666666666666667
0 0.18828125 0.45416666666666666 0.0703125 0.0875
0 0.709375 0.4791666666666667 0.06875 0.10833333333333334
0 0.61484375 0.4864583333333333 0.0609375 0.07708333333333334
0 0.2421875 0.503125 0.06875 0.08541666666666667
0 0.53359375 0.5635416666666667 0.0765625 0.11041666666666666
0 0.79765625 0.5916666666666667 0.0953125 0.13333333333333333
0 0.68359375 0.621875 0.0984375 0.12291666666666666
0 0.21328125 0.628125 0.0953125 0.10625
0 0.25859375 0.7385416666666667 0.1171875 0.13958333333333334