0 0.36171875 0.28541666666666665 0.0203125 0.029166666666666667
0 0.32734375 0.30625 0.0359375 0.058333333333333334
0 0.39921875 0.309375 0.0171875 0.022916666666666665
0 0.34921875 0.328125 0.0359375 0.05625
0 0.29140625 0.3375 0.0421875 0.058333333333333334
0 0.39375 0.340625 0.025 0.03125
0 0.38046875 0.3625 0.0296875 0.041666666666666664
0 0.48125 0.3802083333333333 0.034375 0.05625
0 0.553125 0.3875 0.046875 0.0875
0 0.3609375 0.4041666666666667 0.0375 0.05
0 0.57109375 0.4239583333333333 0.0328125 0.052083333333333336
0 0.48671875 0.4270833333333333 0.0359375 0.06666666666666667
0 0.709375 0.43854166666666666 0.115625 0.18958333333333333
0 0.5953125 0.4479166666666667 0.04375 0.06666666666666667
0 0.50234375 0.4625 0.0390625 0.0625
0 0.5171875 0.4947916666666667 0.059375 0.08125
0 0.62265625 0.509375 0.0671875 0.13541666666666666
0 0.53046875 0.534375 0.0640625 0.08541666666666667
0 0.17578125 0.5447916666666667 0.1640625 0.27291666666666664
0 0.66796875 0.5489583333333333 0.1078125 0.20208333333333334
0 0.80390625 0.5510416666666667 0.1234375 0.19375
0 0.55859375 0.5770833333333333 0.0703125 0.10416666666666667
0 0.5359375 0.6229166666666667 0.08125 0.15833333333333333
0 0.30234375 0.6416666666666667 0.0953125 0.12916666666666668
0 0.76484375 0.6510416666666666 0.0984375 0.16041666666666668
0 0.86328125 0.734375 0.2296875 0.38958333333333334
0 0.5734375 0.7416666666666667 0.1 0.175
0 0.61328125 0.8614583333333333 0.1359375 0.20625
0 0.64296875 0.9510416666666667 0.1515625 0.09791666666666667