0 0.30546875 0.3385416666666667 0.0359375 0.052083333333333336
0 0.5453125 0.37916666666666665 0.04375 0.07083333333333333
0 0.48671875 0.39479166666666665 0.0390625 0.04791666666666667
0 0.5640625 0.425 0.04375 0.058333333333333334
0 0.49453125 0.4427083333333333 0.0421875 0.06041666666666667
0 0.63203125 0.48125 0.1171875 0.18333333333333332
0 0.7390625 0.5114583333333333 0.090625 0.09375
0 0.52734375 0.5270833333333333 0.0671875 0.09166666666666666
0 0.84765625 0.6364583333333333 0.0984375 0.12708333333333333
0 0.75 0.7072916666666667 0.11875 0.15625
0 0.6484375 0.8604166666666667 0.134375 0.20833333333333334