0 0.2421875 0.359375 0.065625 0.06875
0 0.30390625 0.3645833333333333 0.0671875 0.09583333333333334
0 0.6328125 0.3958333333333333 0.08125 0.1
0 0.55234375 0.4 0.0359375 0.04583333333333333
0 0.49375 0.41770833333333335 0.0375 0.05625
0 0.24609375 0.42916666666666664 0.1046875 0.15
0 0.5890625 0.44895833333333335 0.046875 0.05625
0 0.159375 0.46145833333333336 0.071875 0.08541666666666667
0 0.35546875 0.4635416666666667 0.0453125 0.06458333333333334
0 0.63046875 0.5010416666666667 0.0640625 0.08125
0 0.075 0.5395833333333333 0.10625 0.12916666666666668
0 0.540625 0.5791666666666667 0.071875 0.1125
0 0.871875 0.65 0.15 0.20416666666666666
0 0.72734375 0.70625 0.1078125 0.12916666666666668
0 0.61796875 0.7947916666666667 0.1265625 0.19791666666666666