0 0.328125 0.3958333333333333 0.040625 0.05
0 0.41484375 0.39791666666666664 0.0265625 0.029166666666666667
0 0.52421875 0.4 0.0296875 0.05
0 0.48515625 0.4114583333333333 0.0328125 0.03958333333333333
0 0.56015625 0.440625 0.0640625 0.09375
0 0.6078125 0.44375 0.04375 0.05416666666666667
0 0.50703125 0.478125 0.0453125 0.05625
0 0.36484375 0.5145833333333333 0.0421875 0.058333333333333334
0 0.73359375 0.6583333333333333 0.1046875 0.1125
0 0.590625 0.7614583333333333 0.096875 0.12708333333333333
0 0.121875 0.8864583333333333 0.178125 0.16875