0 0.5234375 0.3875 0.03125 0.0625
0 0.3375 0.39166666666666666 0.034375 0.058333333333333334
0 0.36875 0.4041666666666667 0.0375 0.05416666666666667
0 0.4875 0.4125 0.028125 0.03333333333333333
0 0.29375 0.415625 0.0625 0.09375
0 0.409375 0.42604166666666665 0.028125 0.03958333333333333
0 0.59765625 0.4427083333333333 0.0453125 0.052083333333333336
0 0.4015625 0.46041666666666664 0.0375 0.041666666666666664
0 0.23359375 0.4822916666666667 0.0921875 0.13958333333333334
0 0.29921875 0.48541666666666666 0.0890625 0.1375
0 0.18828125 0.49375 0.0421875 0.05
0 0.375 0.5125 0.046875 0.05416666666666667
0 0.35703125 0.5802083333333333 0.0640625 0.08125
0 0.11796875 0.621875 0.1140625 0.14375
0 0.22265625 0.6447916666666667 0.0921875 0.09791666666666667
0 0.33515625 0.684375 0.0859375 0.11875
0 0.29609375 0.8333333333333334 0.1140625 0.14583333333333334