0 0.35703125 0.415625 0.0484375 0.07291666666666667
0 0.30703125 0.42916666666666664 0.0453125 0.06666666666666667
0 0.39609375 0.453125 0.0390625 0.04375
0 0.31796875 0.45625 0.0734375 0.09583333333333334
0 0.50859375 0.465625 0.0390625 0.052083333333333336
0 0.25234375 0.4666666666666667 0.0546875 0.09166666666666666
0 0.38828125 0.49166666666666664 0.0421875 0.05
0 0.3734375 0.5322916666666667 0.05 0.06041666666666667
0 0.54453125 0.5479166666666667 0.0609375 0.075
0 0.27265625 0.5489583333333333 0.0859375 0.11458333333333333
0 0.12734375 0.5520833333333334 0.1703125 0.20833333333333334
0 0.34921875 0.5875 0.0578125 0.06666666666666667
0 0.33125 0.6458333333333334 0.075 0.1
0 0.32734375 0.7177083333333333 0.0859375 0.12708333333333333
0 0.290625 0.8395833333333333 0.1125 0.15