0 0.30234375 0.41770833333333335 0.0265625 0.035416666666666666
0 0.58984375 0.43333333333333335 0.0359375 0.04583333333333333
0 0.35859375 0.4354166666666667 0.0296875 0.0375
0 0.55078125 0.4375 0.0328125 0.05416666666666667
0 0.4046875 0.4395833333333333 0.03125 0.0375
0 0.3359375 0.46770833333333334 0.034375 0.052083333333333336
0 0.50625 0.47291666666666665 0.0375 0.05
0 0.38984375 0.484375 0.0390625 0.04791666666666667
0 0.2984375 0.4875 0.065625 0.09583333333333334
0 0.578125 0.48854166666666665 0.040625 0.04791666666666667
0 0.2125 0.4947916666666667 0.09375 0.12708333333333333
0 0.39765625 0.515625 0.0484375 0.06458333333333334
0 0.2296875 0.5916666666666667 0.103125 0.1375
0 0.3328125 0.6208333333333333 0.071875 0.1
0 0.07578125 0.628125 0.1515625 0.23125
0 0.8078125 0.6604166666666667 0.096875 0.12916666666666668
0 0.6046875 0.6958333333333333 0.1 0.14166666666666666
0 0.3171875 0.7239583333333334 0.0875 0.11458333333333333
0 0.09453125 0.828125 0.1890625 0.34375
0 0.24140625 0.9239583333333333 0.1484375 0.15208333333333332