0 0.28125 0.43645833333333334 0.05 0.06041666666666667
0 0.62265625 0.44479166666666664 0.0484375 0.08125
0 0.49765625 0.45 0.0390625 0.058333333333333334
0 0.565625 0.45208333333333334 0.0625 0.09166666666666666
0 0.334375 0.45416666666666666 0.04375 0.075
0 0.24765625 0.47604166666666664 0.0609375 0.09375
0 0.6671875 0.515625 0.04375 0.06458333333333334
0 0.38359375 0.5166666666666667 0.0453125 0.05
0 0.29296875 0.5197916666666667 0.0609375 0.10208333333333333
0 0.54765625 0.5572916666666666 0.0640625 0.07708333333333334
0 0.36171875 0.603125 0.0640625 0.08541666666666667
0 0.08671875 0.6104166666666667 0.1640625 0.22083333333333333
0 0.24296875 0.6604166666666667 0.0828125 0.07916666666666666
0 0.29921875 0.8364583333333333 0.1234375 0.16041666666666668