0 0.3171875 0.42291666666666666 0.0375 0.04583333333333333
0 0.353125 0.44166666666666665 0.03125 0.03333333333333333
0 0.40625 0.4510416666666667 0.03125 0.03958333333333333
0 0.57578125 0.4552083333333333 0.0515625 0.08958333333333333
0 0.62265625 0.46145833333333336 0.0421875 0.04791666666666667
0 0.2625 0.46979166666666666 0.0375 0.03958333333333333
0 0.33046875 0.478125 0.0359375 0.04375
0 0.3828125 0.5020833333333333 0.040625 0.05
0 0.31171875 0.5072916666666667 0.0421875 0.05625
0 0.52890625 0.5322916666666667 0.0546875 0.07291666666666667
0 0.3765625 0.5395833333333333 0.046875 0.058333333333333334
0 0.1578125 0.540625 0.1375 0.18541666666666667
0 0.6109375 0.54375 0.053125 0.075
0 0.71015625 0.546875 0.0828125 0.13541666666666666
0 0.2578125 0.5479166666666667 0.084375 0.12083333333333333
0 0.3875 0.584375 0.059375 0.08125
0 0.19296875 0.6395833333333333 0.1296875 0.15833333333333333
0 0.3140625 0.66875 0.084375 0.1
0 0.2921875 0.8072916666666666 0.10625 0.12291666666666666
0 0.09765625 0.8270833333333333 0.1953125 0.3458333333333333
0 0.60703125 0.834375 0.1078125 0.18125
0 0.23046875 0.9395833333333333 0.1421875 0.12083333333333333