0 0.35625 0.40625 0.05 0.075
0 0.50078125 0.44166666666666665 0.0328125 0.041666666666666664
0 0.40078125 0.4427083333333333 0.0296875 0.03125
0 0.63359375 0.4510416666666667 0.0640625 0.09375
0 0.31484375 0.459375 0.0734375 0.12291666666666666
0 0.38828125 0.490625 0.0421875 0.05625
0 0.2078125 0.51875 0.0875 0.1
0 0.3734375 0.525 0.053125 0.0625
0 0.54765625 0.5489583333333333 0.0609375 0.07291666666666667
0 0.23984375 0.559375 0.1078125 0.13541666666666666
0 0.1234375 0.6020833333333333 0.10625 0.125
0 0.3421875 0.6489583333333333 0.06875 0.09791666666666667
0 0.3015625 0.8260416666666667 0.109375 0.14791666666666667