0 0.26640625 0.4552083333333333 0.0515625 0.07291666666666667
0 0.32109375 0.46770833333333334 0.0671875 0.10208333333333333
0 0.38828125 0.471875 0.0390625 0.04375
0 0.5953125 0.48333333333333334 0.08125 0.14166666666666666
0 0.21796875 0.48541666666666666 0.0671875 0.06666666666666667
0 0.5078125 0.48854166666666665 0.040625 0.052083333333333336
0 0.38359375 0.5020833333333333 0.0421875 0.041666666666666664
0 0.3703125 0.5447916666666667 0.05 0.06041666666666667
0 0.13203125 0.5791666666666667 0.0953125 0.15416666666666667
0 0.240625 0.5822916666666667 0.134375 0.18125
0 0.35078125 0.596875 0.0640625 0.06458333333333334
0 0.33125 0.6479166666666667 0.075 0.1
0 0.71484375 0.7104166666666667 0.2546875 0.3625
0 0.31484375 0.7479166666666667 0.0984375 0.15
0 0.08828125 0.8447916666666667 0.1765625 0.3104166666666667