0 0.528125 0.390625 0.034375 0.06458333333333334
0 0.3359375 0.39375 0.034375 0.058333333333333334
0 0.36875 0.4041666666666667 0.0375 0.05416666666666667
0 0.2921875 0.415625 0.0625 0.09375
0 0.48671875 0.4197916666666667 0.0265625 0.03125
0 0.409375 0.42604166666666665 0.028125 0.03958333333333333
0 0.6078125 0.45 0.04375 0.05
0 0.4015625 0.46041666666666664 0.0375 0.041666666666666664
0 0.23359375 0.4822916666666667 0.0921875 0.13958333333333334
0 0.29921875 0.48541666666666666 0.0890625 0.1375
0 0.375 0.5125 0.046875 0.05416666666666667
0 0.35703125 0.5802083333333333 0.0640625 0.08125
0 0.12578125 0.615625 0.1109375 0.13958333333333334
0 0.2328125 0.6322916666666667 0.084375 0.09375
0 0.33671875 0.678125 0.0796875 0.11458333333333333
0 0.30078125 0.8208333333333333 0.1140625 0.14583333333333334