0 0.28984375 0.43645833333333334 0.0515625 0.07291666666666667
0 0.334375 0.44479166666666664 0.0625 0.09791666666666667
0 0.57265625 0.46458333333333335 0.0421875 0.06666666666666667
0 0.2515625 0.4666666666666667 0.059375 0.0625
0 0.38828125 0.471875 0.0390625 0.04375
0 0.5125 0.47291666666666665 0.03125 0.05416666666666667
0 0.38359375 0.5020833333333333 0.0421875 0.041666666666666664
0 0.19609375 0.5177083333333333 0.0828125 0.10625
0 0.27578125 0.5197916666666667 0.0984375 0.13541666666666666
0 0.3734375 0.540625 0.05 0.06041666666666667
0 0.35234375 0.5864583333333333 0.0640625 0.06458333333333334
0 0.81015625 0.621875 0.1140625 0.14791666666666667
0 0.33125 0.6479166666666667 0.075 0.1
0 0.17421875 0.66875 0.1515625 0.2
0 0.0515625 0.690625 0.103125 0.32708333333333334
0 0.3234375 0.7260416666666667 0.09375 0.13125
0 0.8375 0.7802083333333333 0.296875 0.4395833333333333
0 0.62578125 0.8114583333333333 0.1265625 0.21041666666666667
0 0.284375 0.8729166666666667 0.121875 0.16666666666666666