0 0.325 0.4125 0.034375 0.041666666666666664
0 0.36796875 0.4197916666666667 0.0296875 0.035416666666666666
0 0.4921875 0.42604166666666665 0.028125 0.035416666666666666
0 0.40703125 0.43645833333333334 0.0296875 0.03958333333333333
0 0.60625 0.44375 0.0375 0.05
0 0.346875 0.453125 0.03125 0.03958333333333333
0 0.39765625 0.4739583333333333 0.0359375 0.04791666666666667
0 0.5796875 0.47604166666666664 0.046875 0.06875
0 0.24296875 0.4791666666666667 0.0609375 0.0875
0 0.3078125 0.49166666666666664 0.059375 0.0875
0 0.3875 0.5166666666666667 0.04375 0.05
0 0.18984375 0.51875 0.0703125 0.09166666666666666
0 0.53515625 0.5447916666666667 0.0484375 0.07291666666666667
0 0.115625 0.5885416666666666 0.10625 0.16041666666666668
0 0.21875 0.6052083333333333 0.1 0.13958333333333334
0 0.328125 0.7145833333333333 0.084375 0.1125