0 0.490625 0.42291666666666666 0.03125 0.03333333333333333
0 0.584375 0.425 0.040625 0.06666666666666667
0 0.35625 0.4270833333333333 0.03125 0.041666666666666664
0 0.40390625 0.43645833333333334 0.0328125 0.035416666666666666
0 0.54765625 0.43645833333333334 0.0359375 0.03958333333333333
0 0.2984375 0.440625 0.040625 0.04791666666666667
0 0.3390625 0.45729166666666665 0.0375 0.03958333333333333
0 0.4015625 0.471875 0.0375 0.04375
0 0.503125 0.48020833333333335 0.034375 0.04791666666666667
0 0.3203125 0.49270833333333336 0.0375 0.04375
0 0.23828125 0.49583333333333335 0.0484375 0.05
0 0.64296875 0.5 0.0546875 0.0625
0 0.38046875 0.5135416666666667 0.0453125 0.04791666666666667
0 0.303125 0.525 0.053125 0.06666666666666667
0 0.53984375 0.5479166666666667 0.0546875 0.07916666666666666
0 0.37421875 0.5614583333333333 0.0484375 0.06041666666666667
0 0.125 0.5645833333333333 0.14375 0.19166666666666668
0 0.63984375 0.5677083333333334 0.0734375 0.10208333333333333
0 0.25078125 0.5697916666666667 0.1015625 0.13125
0 0.38203125 0.6072916666666667 0.0640625 0.08958333333333333
0 0.1953125 0.640625 0.11875 0.15625
0 0.03984375 0.671875 0.0796875 0.18958333333333333
0 0.309375 0.6895833333333333 0.096875 0.10416666666666667
0 0.28984375 0.809375 0.1046875 0.13125
0 0.096875 0.8260416666666667 0.19375 0.34791666666666665
0 0.228125 0.940625 0.153125 0.11875