0 0.38046875 0.4010416666666667 0.0296875 0.035416666666666666
0 0.340625 0.40208333333333335 0.03125 0.0375
0 0.41640625 0.4125 0.0296875 0.03333333333333333
0 0.36484375 0.42083333333333334 0.0265625 0.03333333333333333
0 0.49140625 0.43125 0.0265625 0.041666666666666664
0 0.40703125 0.4354166666666667 0.0234375 0.029166666666666667
0 0.27578125 0.446875 0.0484375 0.07291666666666667
0 0.33828125 0.4625 0.0453125 0.075
0 0.3984375 0.475 0.034375 0.041666666666666664
0 0.2296875 0.48541666666666666 0.05625 0.075
0 0.278125 0.51875 0.065625 0.10416666666666667
0 0.18671875 0.525 0.0796875 0.11666666666666667
0 0.35859375 0.5979166666666667 0.0609375 0.075
0 0.203125 0.6479166666666667 0.109375 0.16666666666666666
0 0.6015625 0.7166666666666667 0.090625 0.15
0 0.915625 0.75625 0.16875 0.15416666666666667
0 0.321875 0.7583333333333333 0.103125 0.12916666666666668
0 0.86796875 0.8604166666666667 0.2046875 0.2791666666666667