0 0.4796875 0.37395833333333334 0.028125 0.03125
0 0.49140625 0.4041666666666667 0.0359375 0.041666666666666664
0 0.290625 0.434375 0.06875 0.10208333333333333
0 0.39921875 0.44166666666666665 0.0296875 0.04583333333333333
0 0.3546875 0.4479166666666667 0.04375 0.05
0 0.20390625 0.46875 0.0703125 0.07916666666666666
0 0.321875 0.4791666666666667 0.04375 0.04583333333333333
0 0.38125 0.49166666666666664 0.053125 0.05416666666666667
0 0.65 0.49166666666666664 0.05625 0.11666666666666667
0 0.596875 0.4947916666666667 0.065625 0.13125
0 0.2484375 0.5458333333333333 0.153125 0.1875
0 0.37421875 0.5479166666666667 0.0609375 0.07083333333333333
0 0.08203125 0.6020833333333333 0.1640625 0.18333333333333332
0 0.34921875 0.603125 0.0765625 0.07708333333333334
0 0.3296875 0.6583333333333333 0.084375 0.12083333333333333
0 0.121875 0.7354166666666667 0.240625 0.4041666666666667
0 0.2953125 0.759375 0.109375 0.15625
0 0.2609375 0.903125 0.146875 0.19375