0 0.584375 0.42291666666666666 0.040625 0.04583333333333333
0 0.41640625 0.4270833333333333 0.0390625 0.05
0 0.54765625 0.4270833333333333 0.0359375 0.041666666666666664
0 0.49765625 0.4322916666666667 0.0421875 0.04375
0 0.34375 0.440625 0.046875 0.07708333333333334
0 0.26484375 0.446875 0.0828125 0.10625
0 0.553125 0.45208333333333334 0.0375 0.04583333333333333
0 0.31953125 0.47708333333333336 0.0578125 0.0875
0 0.3890625 0.47708333333333336 0.065625 0.05
0 0.60859375 0.5052083333333334 0.0703125 0.08125
0 0.18515625 0.515625 0.1171875 0.15625
0 0.38125 0.5322916666666667 0.05625 0.06458333333333334
0 0.534375 0.5364583333333334 0.065625 0.09791666666666667
0 0.12109375 0.5479166666666667 0.0515625 0.07083333333333333
0 0.74296875 0.578125 0.0984375 0.12291666666666666
0 0.13203125 0.6208333333333333 0.0828125 0.1
0 0.3375 0.6270833333333333 0.078125 0.1125
0 0.68671875 0.6479166666666667 0.0953125 0.1375
0 0.184375 0.6802083333333333 0.1875 0.24375
0 0.025 0.721875 0.05 0.13958333333333334
0 0.053125 0.9010416666666666 0.10625 0.16458333333333333
0 0.68203125 0.90625 0.1640625 0.1875
0 0.26875 0.9354166666666667 0.18125 0.12916666666666668