0 0.31171875 0.434375 0.0296875 0.03958333333333333
0 0.3484375 0.4427083333333333 0.03125 0.04375
0 0.3953125 0.453125 0.0375 0.03958333333333333
0 0.5578125 0.453125 0.040625 0.052083333333333336
0 0.2765625 0.46145833333333336 0.046875 0.052083333333333336
0 0.32890625 0.4708333333333333 0.0390625 0.041666666666666664
0 0.39765625 0.4864583333333333 0.0421875 0.03958333333333333
0 0.315625 0.503125 0.04375 0.04791666666666667
0 0.2109375 0.5229166666666667 0.040625 0.04583333333333333
0 0.37734375 0.5302083333333333 0.0484375 0.05625
0 0.3046875 0.53125 0.040625 0.06666666666666667
0 0.246875 0.5666666666666667 0.084375 0.12083333333333333
0 0.371875 0.5708333333333333 0.046875 0.05416666666666667
0 0.0953125 0.5770833333333333 0.153125 0.17083333333333334
0 0.38203125 0.6125 0.0671875 0.0875
0 0.19609375 0.640625 0.1171875 0.16041666666666668
0 0.03515625 0.6833333333333333 0.0703125 0.1875
0 0.3109375 0.6927083333333334 0.09375 0.10625
0 0.75859375 0.7083333333333334 0.1296875 0.22916666666666666
0 0.29140625 0.8083333333333333 0.1046875 0.125
0 0.09140625 0.8291666666666667 0.1828125 0.3416666666666667