0 0.4875 0.39375 0.021875 0.025
0 0.5328125 0.40729166666666666 0.028125 0.052083333333333336
0 0.5953125 0.421875 0.053125 0.08125
0 0.4984375 0.428125 0.028125 0.04375
0 0.33984375 0.43125 0.0578125 0.09583333333333334
0 0.40546875 0.43854166666666666 0.0265625 0.03125
0 0.39140625 0.4666666666666667 0.0265625 0.041666666666666664
0 0.56015625 0.5166666666666667 0.0546875 0.10416666666666667
0 0.25546875 0.5322916666666667 0.1234375 0.19791666666666666
0 0.3640625 0.5645833333333333 0.0625 0.07916666666666666
0 0.11796875 0.5958333333333333 0.0828125 0.125
0 0.55234375 0.60625 0.0671875 0.11666666666666667
0 0.328125 0.6322916666666667 0.0875 0.09791666666666667
0 0.103125 0.7604166666666666 0.20625 0.29583333333333334
0 0.2734375 0.875 0.134375 0.16666666666666666