0 0.31796875 0.403125 0.0328125 0.06458333333333334
0 0.27734375 0.43645833333333334 0.0671875 0.07291666666666667
0 0.4 0.44479166666666664 0.04375 0.03958333333333333
0 0.35078125 0.44583333333333336 0.0359375 0.041666666666666664
0 0.609375 0.4510416666666667 0.040625 0.06875
0 0.56796875 0.46041666666666664 0.0515625 0.1
0 0.3265625 0.48020833333333335 0.05 0.06458333333333334
0 0.3734375 0.49375 0.0625 0.041666666666666664
0 0.190625 0.5052083333333334 0.071875 0.11041666666666666
0 0.25078125 0.5375 0.1296875 0.18333333333333332
0 0.36640625 0.5520833333333334 0.0515625 0.075
0 0.34453125 0.5989583333333334 0.0609375 0.07291666666666667
0 0.32578125 0.6666666666666666 0.0859375 0.125
0 0.290625 0.7604166666666666 0.11875 0.14583333333333334
0 0.1140625 0.7635416666666667 0.228125 0.43125
0 0.26015625 0.9041666666666667 0.1359375 0.1625