0 0.35234375 0.4239583333333333 0.0578125 0.07708333333333334
0 0.30703125 0.42916666666666664 0.0453125 0.06666666666666667
0 0.5015625 0.44375 0.028125 0.041666666666666664
0 0.39609375 0.453125 0.0390625 0.04375
0 0.315625 0.4666666666666667 0.08125 0.10416666666666667
0 0.24765625 0.48020833333333335 0.0609375 0.09791666666666667
0 0.38984375 0.4979166666666667 0.0421875 0.05
0 0.5328125 0.5041666666666667 0.046875 0.0625
0 0.3734375 0.540625 0.05 0.06041666666666667
0 0.2625 0.5583333333333333 0.090625 0.11666666666666667
0 0.115625 0.56875 0.178125 0.225
0 0.35234375 0.5864583333333333 0.0640625 0.06458333333333334
0 0.33125 0.6479166666666667 0.075 0.1
0 0.32890625 0.7177083333333333 0.0859375 0.12708333333333333
0 0.63359375 0.81875 0.1265625 0.2125
0 0.290625 0.8395833333333333 0.1125 0.15
0 0.8890625 0.8833333333333333 0.1625 0.23333333333333334