0 0.33671875 0.40520833333333334 0.0265625 0.035416666666666666
0 0.37109375 0.415625 0.0296875 0.035416666666666666
0 0.4140625 0.41770833333333335 0.028125 0.03125
0 0.29296875 0.43020833333333336 0.0296875 0.035416666666666666
0 0.48984375 0.43020833333333336 0.0328125 0.04375
0 0.35078125 0.44479166666666664 0.0328125 0.03958333333333333
0 0.5484375 0.44583333333333336 0.034375 0.041666666666666664
0 0.40078125 0.45729166666666665 0.0328125 0.03958333333333333
0 0.3265625 0.48020833333333335 0.0375 0.05625
0 0.38515625 0.5010416666666667 0.0421875 0.052083333333333336
0 0.2015625 0.5041666666666667 0.1 0.1375
0 0.290625 0.5083333333333333 0.065625 0.09583333333333334
0 0.5390625 0.534375 0.05625 0.07291666666666667
0 0.3953125 0.5375 0.05 0.075
0 0.68984375 0.5385416666666667 0.0578125 0.07291666666666667
0 0.20703125 0.6197916666666666 0.1046875 0.15208333333333332
0 0.32734375 0.6322916666666667 0.0734375 0.10625
0 0.06640625 0.6364583333333333 0.1328125 0.21458333333333332
0 0.30625 0.7604166666666666 0.096875 0.12083333333333333
0 0.0921875 0.8270833333333333 0.184375 0.3416666666666667
0 0.23515625 0.934375 0.1515625 0.13125