0 0.41015625 0.41354166666666664 0.0234375 0.035416666666666666
0 0.36328125 0.4322916666666667 0.0359375 0.04375
0 0.34296875 0.46145833333333336 0.0328125 0.035416666666666666
0 0.5109375 0.46458333333333335 0.046875 0.05
0 0.38671875 0.48854166666666665 0.0453125 0.07291666666666667
0 0.18359375 0.5270833333333333 0.1390625 0.1375
0 0.24921875 0.5416666666666666 0.1234375 0.19583333333333333
0 0.37109375 0.5458333333333333 0.0515625 0.06666666666666667
0 0.35234375 0.6 0.0609375 0.07083333333333333
0 0.565625 0.63125 0.08125 0.13333333333333333
0 0.13984375 0.6604166666666667 0.2390625 0.325
0 0.34140625 0.66875 0.1078125 0.15
0 0.29140625 0.7614583333333333 0.1171875 0.16458333333333333
0 0.259375 0.9114583333333334 0.146875 0.17708333333333334