0 0.3375 0.4041666666666667 0.03125 0.0375
0 0.37265625 0.40520833333333334 0.0296875 0.035416666666666666
0 0.41171875 0.42083333333333334 0.0296875 0.03333333333333333
0 0.35703125 0.43125 0.0265625 0.03333333333333333
0 0.40625 0.44479166666666664 0.03125 0.03958333333333333
0 0.27109375 0.4510416666666667 0.0484375 0.07291666666666667
0 0.32890625 0.46875 0.0453125 0.075
0 0.39375 0.4864583333333333 0.040625 0.04791666666666667
0 0.2234375 0.49166666666666664 0.0625 0.08333333333333333
0 0.2671875 0.534375 0.08125 0.11041666666666666
0 0.16953125 0.5395833333333333 0.0890625 0.125
0 0.5375 0.5447916666666667 0.05625 0.08125
0 0.74609375 0.5885416666666666 0.0953125 0.09791666666666667
0 0.353125 0.6270833333333333 0.065625 0.08333333333333333
0 0.7046875 0.640625 0.103125 0.15625
0 0.15859375 0.7083333333333334 0.1328125 0.19166666666666668
0 0.30546875 0.8135416666666667 0.1140625 0.14375