0 0.33828125 0.39791666666666664 0.0265625 0.0375
0 0.30859375 0.4270833333333333 0.0359375 0.04583333333333333
0 0.35546875 0.428125 0.0296875 0.035416666666666666
0 0.40234375 0.44479166666666664 0.0296875 0.03958333333333333
0 0.3296875 0.453125 0.028125 0.027083333333333334
0 0.39375 0.48020833333333335 0.0375 0.04791666666666667
0 0.33203125 0.48125 0.0359375 0.041666666666666664
0 0.2171875 0.5 0.065625 0.09583333333333334
0 0.721875 0.528125 0.1 0.15208333333333332
0 0.3796875 0.540625 0.05 0.06041666666666667
0 0.275 0.5416666666666666 0.071875 0.10833333333333334
0 0.15234375 0.5520833333333334 0.0921875 0.10416666666666667
0 0.06015625 0.653125 0.1203125 0.18958333333333333
0 0.1375 0.7208333333333333 0.14375 0.18333333333333332
0 0.303125 0.8083333333333333 0.109375 0.14166666666666666