0 0.51640625 0.38125 0.0296875 0.0375
0 0.5515625 0.3927083333333333 0.01875 0.027083333333333334
0 0.53046875 0.41458333333333336 0.0234375 0.0375
0 0.5796875 0.42083333333333334 0.025 0.03333333333333333
0 0.49296875 0.42291666666666666 0.0265625 0.025
0 0.35234375 0.42604166666666665 0.0359375 0.052083333333333336
0 0.28359375 0.43020833333333336 0.0546875 0.08125
0 0.396875 0.4427083333333333 0.028125 0.035416666666666666
0 0.55390625 0.453125 0.0359375 0.04791666666666667
0 0.6109375 0.453125 0.03125 0.04375
0 0.33203125 0.45625 0.0421875 0.058333333333333334
0 0.39140625 0.4864583333333333 0.0359375 0.04791666666666667
0 0.22421875 0.4875 0.0953125 0.12916666666666668
0 0.5953125 0.50625 0.040625 0.05416666666666667
0 0.5171875 0.5104166666666666 0.040625 0.04583333333333333
0 0.275 0.5322916666666667 0.059375 0.052083333333333336
0 0.71015625 0.534375 0.0546875 0.07708333333333334
0 0.36328125 0.54375 0.0484375 0.0625
0 0.128125 0.55 0.046875 0.06666666666666667
0 0.228125 0.6135416666666667 0.121875 0.17708333333333334
0 0.58125 0.6572916666666667 0.06875 0.09375
0 0.32421875 0.7041666666666667 0.0671875 0.09583333333333334
0 0.08359375 0.7041666666666667 0.0765625 0.09583333333333334
0 0.85546875 0.709375 0.1359375 0.17291666666666666
0 0.76328125 0.7583333333333333 0.1203125 0.16666666666666666