0 0.6078125 0.43333333333333335 0.05625 0.09583333333333334
0 0.28125 0.44166666666666665 0.04375 0.075
0 0.33046875 0.4625 0.0421875 0.075
0 0.3953125 0.478125 0.034375 0.04375
0 0.17421875 0.5302083333333333 0.1234375 0.16458333333333333
0 0.37734375 0.534375 0.0515625 0.06875
0 0.3 0.54375 0.05625 0.05416666666666667
0 0.66953125 0.59375 0.1515625 0.19166666666666668
0 0.81171875 0.6104166666666667 0.1046875 0.1625
0 0.3390625 0.6770833333333334 0.078125 0.10833333333333334
0 0.1140625 0.8104166666666667 0.228125 0.37916666666666665
0 0.65859375 0.8979166666666667 0.1484375 0.20416666666666666
0 0.2671875 0.9052083333333333 0.125 0.18958333333333333