0 0.52421875 0.38229166666666664 0.0421875 0.06875
0 0.5875 0.409375 0.028125 0.035416666666666666
0 0.48984375 0.4166666666666667 0.0265625 0.041666666666666664
0 0.35 0.44166666666666665 0.03125 0.04583333333333333
0 0.25703125 0.45 0.0484375 0.09166666666666666
0 0.509375 0.46145833333333336 0.0375 0.052083333333333336
0 0.2953125 0.49270833333333336 0.08125 0.11875
0 0.37421875 0.5114583333333333 0.0453125 0.06041666666666667
0 0.72421875 0.5447916666666667 0.0890625 0.15625
0 0.13515625 0.5541666666666667 0.1046875 0.15416666666666667
0 0.5890625 0.7479166666666667 0.09375 0.15416666666666667
0 0.10078125 0.7885416666666667 0.2015625 0.38125