0 0.5828125 0.41041666666666665 0.040625 0.075
0 0.359375 0.4125 0.0375 0.05416666666666667
0 0.30234375 0.421875 0.0484375 0.06875
0 0.49921875 0.43645833333333334 0.0296875 0.04375
0 0.3390625 0.44895833333333335 0.034375 0.05625
0 0.559375 0.4510416666666667 0.046875 0.08125
0 0.29140625 0.5010416666666667 0.0640625 0.09791666666666667
0 0.5296875 0.5322916666666667 0.05 0.07291666666666667
0 0.68671875 0.5875 0.1453125 0.23333333333333334
0 0.33671875 0.609375 0.0671875 0.08125
0 0.61640625 0.75625 0.0921875 0.15