0 0.52109375 0.37916666666666665 0.0390625 0.07083333333333333
0 0.58203125 0.403125 0.0265625 0.035416666666666666
0 0.48984375 0.4083333333333333 0.0296875 0.0375
0 0.40546875 0.42083333333333334 0.0234375 0.03333333333333333
0 0.34375 0.45 0.034375 0.04583333333333333
0 0.50625 0.4510416666666667 0.034375 0.052083333333333336
0 0.246875 0.459375 0.05625 0.10625
0 0.28359375 0.503125 0.0828125 0.13125
0 0.7109375 0.528125 0.0875 0.15208333333333332
0 0.36953125 0.5302083333333333 0.0484375 0.06458333333333334
0 0.1015625 0.5802083333333333 0.121875 0.17291666666666666
0 0.571875 0.690625 0.078125 0.13541666666666666
0 0.0703125 0.8208333333333333 0.140625 0.35833333333333334
0 0.85703125 0.8833333333333333 0.1671875 0.23333333333333334