0 0.5109375 0.371875 0.034375 0.052083333333333336
0 0.340625 0.38125 0.04375 0.07083333333333333
0 0.4078125 0.396875 0.028125 0.035416666666666666
0 0.48984375 0.428125 0.0296875 0.04375
0 0.4046875 0.45 0.0375 0.04583333333333333
0 0.325 0.459375 0.06875 0.11875
0 0.565625 0.48125 0.04375 0.05416666666666667
0 0.66796875 0.4947916666666667 0.0796875 0.12291666666666666
0 0.52421875 0.5135416666666667 0.0484375 0.06875
0 0.12890625 0.5864583333333333 0.1296875 0.13125
0 0.59296875 0.7677083333333333 0.1046875 0.17291666666666666
0 0.10234375 0.815625 0.2046875 0.28541666666666665