0 0.5578125 0.4322916666666667 0.05625 0.06458333333333334
0 0.39140625 0.45 0.0328125 0.041666666666666664
0 0.5203125 0.5072916666666667 0.04375 0.06458333333333334
0 0.29296875 0.5354166666666667 0.0578125 0.075
0 0.17578125 0.5364583333333334 0.1359375 0.16041666666666668
0 0.6890625 0.5385416666666667 0.0625 0.08125
0 0.615625 0.5395833333333333 0.053125 0.075
0 0.6875 0.6270833333333333 0.078125 0.10416666666666667
0 0.56171875 0.6302083333333334 0.0703125 0.09791666666666667
0 0.82265625 0.6697916666666667 0.0921875 0.12708333333333333
0 0.30703125 0.7364583333333333 0.0921875 0.12291666666666666
0 0.1578125 0.7385416666666667 0.1125 0.12708333333333333