0 0.53203125 0.39166666666666666 0.0515625 0.09583333333333334
0 0.3390625 0.39375 0.0375 0.04583333333333333
0 0.36640625 0.4010416666666667 0.0390625 0.04791666666666667
0 0.584375 0.4083333333333333 0.03125 0.041666666666666664
0 0.41640625 0.4114583333333333 0.0296875 0.04791666666666667
0 0.50703125 0.4822916666666667 0.0421875 0.052083333333333336
0 0.2203125 0.484375 0.10625 0.13541666666666666
0 0.38203125 0.496875 0.0515625 0.06458333333333334
0 0.65703125 0.50625 0.0515625 0.0625
0 0.340625 0.671875 0.08125 0.11875
0 0.59375 0.6895833333333333 0.0875 0.13333333333333333
0 0.04921875 0.8510416666666667 0.0984375 0.29791666666666666
0 0.91640625 0.9552083333333333 0.1671875 0.08958333333333333